22.46 39.72
23.78 40.07
25.04 40.44
26.21 40.81
27.30 41.16
28.29 41.46
29.17 41.73
29.96 41.93
30.64 42.08
31.23 42.17
31.72 42.20
32.11 42.16
32.42 42.07
32.65 41.92
32.80 41.71
32.88 41.46
32.89 41.16
32.84 40.81
32.74 40.43
32.58 40.01
32.38 39.56
32.14 39.08
31.86 38.57
31.54 38.04
31.20 37.50
30.83 36.94
30.45 36.36
30.04 35.78
29.61 35.18
29.18 34.59
28.73 33.98
28.27 33.38
27.81 32.77
27.34 32.16
26.86 31.56
26.39 30.96
25.91 30.37
25.44 29.78
24.97 29.19
24.50 28.61
24.03 28.05
23.57 27.48
23.11 26.93
22.66 26.39
22.22 25.85
21.78 25.33
21.35 24.82
20.92 24.31
20.51 23.82
20.10 23.33
19.70 22.86
19.30 22.40
18.92 21.94
18.54 21.50
18.17 21.07
17.81 20.65
17.46 20.23
17.11 19.83
16.78 19.44
16.45 19.06
16.13 18.68
15.82 18.32
15.51 17.96
15.22 17.62
14.93 17.28
14.65 16.95
14.37 16.63
14.10 16.32
13.84 16.01
13.59 15.72
13.34 15.43
13.10 15.15
12.87 14.87
12.64 14.60
12.42 14.34
12.20 14.09
11.99 13.84
11.79 13.60
11.59 13.36
11.40 13.13
11.21 12.91
11.03 12.69
10.85 12.48
10.67 12.27
10.51 12.07
10.34 11.87
10.18 11.68
10.02 11.49
9.87 11.31
9.73 11.13
9.58 10.95
9.44 10.78
9.30 10.62
9.17 10.45
9.04 10.29
8.92 10.14
8.79 9.99
8.67 9.84
8.56 9.69
8.44 9.55
8.33 9.41
8.22 9.28
8.12 9.14
8.01 9.01
7.91 8.89
7.81 8.76
7.72 8.64
7.62 8.52
7.53 8.40
7.44 8.29
7.35 8.18
7.27 8.07
7.18 7.96
7.10 7.86
7.02 7.75
6.94 7.65
6.86 7.55
6.79 7.46
6.71 7.36
6.64 7.27
6.57 7.18
6.50 7.09
6.43 7.00
6.36 6.91
6.29 6.83
6.23 6.74
6.16 6.66
6.10 6.58
6.04 6.50
5.98 6.42
5.91 6.35
5.85 6.27
5.80 6.20
5.74 6.13
5.68 6.06
5.62 5.99
5.56 5.92
5.51 5.85
5.45 5.78
5.40 5.72
5.34 5.65
5.29 5.59
5.24 5.52
5.18 5.46
5.13 5.40
5.08 5.34
5.03 5.28
4.97 5.22
4.92 5.16
4.87 5.11
4.82 5.05
4.77 4.99
4.72 4.94
4.67 4.88
4.62 4.83
4.57 4.78
4.52 4.72
4.47 4.67
4.42 4.62
4.37 4.57
4.32 4.52
4.27 4.47
4.22 4.42
4.17 4.37
4.12 4.32
4.08 4.27
4.03 4.23
3.98 4.18
3.93 4.13
3.88 4.09
3.83 4.04
3.78 3.99
3.73 3.95
3.68 3.90
3.63 3.86
3.58 3.82
3.53 3.77
3.48 3.73
3.43 3.69
3.38 3.64
3.33 3.60
3.28 3.56
3.23 3.52
3.18 3.48
3.13 3.44
3.08 3.40
3.03 3.36
2.98 3.32
2.93 3.28
2.87 3.24
2.82 3.20
2.77 3.16
2.72 3.12
2.67 3.09
2.61 3.05
2.56 3.02
2.51 2.98
2.45 2.94
2.40 2.91
2.35 2.88
2.29 2.84
2.24 2.81
2.18 2.78
2.13 2.75
2.07 2.72
2.01 2.69
1.96 2.66
1.90 2.63
1.84 2.61
1.79 2.58
1.73 2.56
1.67 2.53
1.61 2.51
1.55 2.49
1.49 2.47
1.43 2.46
1.37 2.44
1.30 2.43
1.24 2.41
1.18 2.40
1.11 2.40
1.05 2.39
0.98 2.38
0.91 2.38
0.85 2.38
0.78 2.39
0.71 2.39
0.64 2.40
0.57 2.41
0.50 2.43
0.43 2.45
0.36 2.47
0.29 2.49
0.22 2.52
0.15 2.55
0.08 2.58
0.01 2.62
-0.05 2.66
-0.12 2.70
-0.18 2.74
-0.24 2.79
-0.30 2.83
-0.35 2.88
-0.40 2.93
-0.44 2.98
-0.48 3.03
-0.52 3.07
-0.55 3.12
-0.57 3.17
-0.59 3.21
-0.60 3.25
-0.60 3.29
-0.60 3.33
-0.59 3.36
-0.58 3.40
-0.56 3.43
-0.53 3.45
-0.50 3.48
-0.47 3.50
-0.43 3.52
-0.38 3.54
-0.33 3.55
-0.28 3.57
-0.22 3.58
-0.16 3.59
-0.10 3.59
-0.04 3.60
0.03 3.60
0.10 3.60
0.17 3.61
0.24 3.61
0.31 3.61
0.39 3.60
0.46 3.60
0.54 3.60
0.61 3.59
0.69 3.59
0.76 3.59
0.84 3.58
0.91 3.58
0.99 3.57
1.06 3.57
1.14 3.56
1.21 3.56
1.29 3.55
1.36 3.55
1.43 3.54
1.50 3.54
1.57 3.53
1.64 3.53
1.71 3.53
1.78 3.52
1.84 3.52
1.91 3.52
1.98 3.52
2.04 3.52
2.10 3.52
2.17 3.52
2.23 3.52
2.29 3.52
2.35 3.52
2.41 3.53
2.46 3.53
2.52 3.53
2.57 3.54
2.63 3.55
2.68 3.55
2.74 3.56
2.79 3.57
2.84 3.58
2.89 3.59
2.94 3.60
2.99 3.61
3.03 3.62
3.08 3.63
3.13 3.64
3.17 3.66
3.22 3.67
3.26 3.68
3.30 3.70
3.34 3.71
3.39 3.73
3.43 3.74
3.47 3.76
3.50 3.78
3.54 3.80
3.58 3.81
3.62 3.83
3.65 3.85
3.69 3.87
3.72 3.89
3.76 3.91
3.79 3.93
3.82 3.94
3.86 3.96
3.89 3.98
3.92 4.00
3.95 4.02
3.98 4.04
4.01 4.06
4.04 4.09
4.06 4.11
4.09 4.13
4.12 4.15
4.14 4.17
4.17 4.19
4.20 4.21
4.22 4.23
4.25 4.25
4.27 4.27
4.29 4.29
4.31 4.31
4.34 4.32
4.36 4.34
4.38 4.36
4.40 4.38
4.42 4.40
4.44 4.42
4.46 4.44
4.48 4.45
4.50 4.47
4.52 4.49
4.53 4.51
4.55 4.52
4.57 4.54
4.58 4.55
4.60 4.57
4.62 4.59
4.63 4.60
4.65 4.62
4.66 4.63
4.67 4.64
4.69 4.66
4.70 4.67
4.71 4.68
4.72 4.70
4.74 4.71
4.75 4.72
4.76 4.73
4.77 4.74
4.78 4.75
4.79 4.76
4.80 4.77
4.80 4.78
4.81 4.79
4.82 4.80
4.83 4.80
4.83 4.81
4.84 4.82
4.85 4.82
4.85 4.83
4.86 4.83
4.86 4.84
4.87 4.84
4.87 4.85
4.87 4.85
4.88 4.85
4.88 4.86
4.88 4.86
4.88 4.86
4.89 4.86
4.89 4.86
4.89 4.86
4.89 4.86
4.89 4.86
4.89 4.86
4.89 4.86
4.88 4.86
4.88 4.86
4.88 4.85
4.88 4.85
4.87 4.84
4.87 4.84
4.87 4.83
4.86 4.83
4.86 4.82
4.85 4.82
4.84 4.81
4.84 4.80
4.83 4.79
4.82 4.79
4.82 4.78
4.81 4.77
4.80 4.76
4.79 4.75
4.78 4.74
4.77 4.73
4.76 4.72
4.75 4.70
4.74 4.69
4.73 4.68
4.72 4.66
4.71 4.65
4.69 4.64
4.68 4.62
4.67 4.61
4.65 4.59
4.64 4.57
4.63 4.56
4.61 4.54
4.60 4.52
4.58 4.50
4.56 4.48
4.55 4.47
4.53 4.45
4.51 4.43
4.49 4.41
4.48 4.39
4.46 4.36
4.44 4.34
4.42 4.32
4.40 4.30
4.38 4.28
4.36 4.25
4.34 4.23
4.32 4.20
4.30 4.18
4.28 4.15
4.25 4.13
4.23 4.10
4.21 4.08
4.19 4.05
4.16 4.02
4.14 3.99
4.11 3.97
4.09 3.94
4.07 3.91
4.04 3.88
4.02 3.85
3.99 3.82
3.96 3.79
3.94 3.76
3.91 3.73
3.89 3.70
3.86 3.66
3.83 3.63
3.80 3.60
3.78 3.56
3.75 3.53
3.72 3.50
3.69 3.46
3.66 3.43
3.64 3.39
3.61 3.36
3.58 3.32
3.55 3.28
3.52 3.25
3.49 3.21
3.46 3.17
3.43 3.14
3.40 3.10
3.37 3.06
3.34 3.02
3.31 2.98
3.28 2.94
3.25 2.90
3.22 2.86
3.19 2.82
3.16 2.78
3.13 2.73
3.10 2.69
3.07 2.65
3.04 2.61
3.01 2.56
2.98 2.52
2.95 2.47
2.92 2.43
2.89 2.38
2.87 2.34
2.84 2.29
2.81 2.25
2.78 2.20
2.75 2.15
2.73 2.10
2.70 2.05
2.68 2.01
2.65 1.96
2.63 1.91
2.60 1.86
2.58 1.80
2.56 1.75
2.53 1.70
2.51 1.65
2.49 1.59
2.48 1.54
2.46 1.48
2.44 1.43
2.43 1.37
2.41 1.31
2.40 1.26
2.39 1.20
2.38 1.14
2.38 1.08
2.37 1.02
2.37 0.96
2.37 0.89
2.37 0.83
2.37 0.76
2.38 0.70
2.39 0.63
2.40 0.57
2.42 0.50
2.43 0.43
2.46 0.36
2.48 0.30
2.51 0.23
2.54 0.16
2.57 0.09
2.60 0.02
2.64 -0.04
2.68 -0.11
2.72 -0.17
2.77 -0.23
2.81 -0.29
2.86 -0.34
2.91 -0.39
2.96 -0.44
3.01 -0.48
3.06 -0.52
3.10 -0.55
3.15 -0.58
3.19 -0.60
3.24 -0.61
3.28 -0.62
3.31 -0.62
3.35 -0.62
3.38 -0.61
3.41 -0.59
3.44 -0.57
3.47 -0.54
3.49 -0.51
3.51 -0.47
3.53 -0.43
3.54 -0.38
3.55 -0.33
3.56 -0.28
3.57 -0.22
3.58 -0.16
3.58 -0.10
3.59 -0.03
3.59 0.03
3.59 0.10
3.59 0.17
3.59 0.24
3.58 0.32
3.58 0.39
3.58 0.46
3.57 0.54
3.57 0.61
3.56 0.69
3.55 0.76
3.55 0.84
3.54 0.91
3.53 0.99
3.53 1.06
3.52 1.14
3.51 1.21
3.51 1.28
3.50 1.36
3.50 1.43
3.49 1.50
3.49 1.57
3.48 1.64
3.48 1.70
3.47 1.77
3.47 1.84
3.47 1.90
3.47 1.97
3.47 2.03
3.47 2.09
3.47 2.16
3.47 2.22
3.47 2.28
3.47 2.34
3.47 2.39
3.48 2.45
3.48 2.51
3.49 2.56
3.49 2.62
3.50 2.67
3.51 2.72
3.52 2.77
3.53 2.82
3.54 2.87
3.55 2.92
3.56 2.97
3.57 3.02
3.58 3.06
3.59 3.11
3.61 3.15
3.62 3.20
3.64 3.24
3.65 3.28
3.67 3.33
3.68 3.37
3.70 3.41
3.72 3.45
3.74 3.48
3.75 3.52
3.77 3.56
3.79 3.60
3.81 3.63
3.83 3.67
3.85 3.70
3.87 3.74
3.89 3.77
3.91 3.80
3.93 3.83
3.95 3.87
3.97 3.90
3.99 3.93
4.01 3.96
4.03 3.99
4.05 4.01
4.08 4.04
4.10 4.07
4.12 4.10
4.14 4.12
4.16 4.15
4.18 4.17
4.20 4.20
4.22 4.22
4.24 4.25
4.26 4.27
4.28 4.29
4.30 4.32
4.32 4.34
4.34 4.36
4.36 4.38
4.38 4.40
4.40 4.42
4.42 4.44
4.44 4.46
4.45 4.48
4.47 4.50
4.49 4.52
4.51 4.53
4.52 4.55
4.54 4.57
4.56 4.58
4.57 4.60
4.59 4.61
4.60 4.63
4.62 4.64
4.63 4.66
4.65 4.67
4.66 4.68
4.67 4.70
4.69 4.71
4.70 4.72
4.71 4.73
4.72 4.74
4.73 4.76
4.74 4.77
4.75 4.78
4.76 4.79
4.77 4.79
4.78 4.80
4.79 4.81
4.80 4.82
4.81 4.83
4.81 4.83
4.82 4.84
4.83 4.85
4.83 4.85
4.84 4.86
4.84 4.86
4.85 4.87
4.85 4.87
4.86 4.87
4.86 4.88
4.86 4.88
4.86 4.88
4.87 4.88
4.87 4.89
4.87 4.89
4.87 4.89
4.87 4.89
4.87 4.89
4.87 4.89
4.86 4.89
4.86 4.89
4.86 4.88
4.86 4.88
4.85 4.88
4.85 4.88
4.84 4.87
4.84 4.87
4.83 4.86
4.83 4.86
4.82 4.85
4.82 4.85
4.81 4.84
4.80 4.83
4.79 4.83
4.78 4.82
4.77 4.81
4.76 4.80
4.75 4.80
4.74 4.79
4.73 4.78
4.72 4.77
4.71 4.76
4.70 4.75
4.68 4.73
4.67 4.72
4.66 4.71
4.64 4.70
4.63 4.69
4.61 4.67
4.59 4.66
4.58 4.64
4.56 4.63
4.54 4.62
4.53 4.60
4.51 4.58
4.49 4.57
4.47 4.55
4.45 4.54
4.43 4.52
4.41 4.50
4.39 4.48
4.37 4.46
4.35 4.45
4.33 4.43
4.30 4.41
4.28 4.39
4.26 4.37
4.23 4.35
4.21 4.33
4.19 4.30
4.16 4.28
4.13 4.26
4.11 4.24
4.08 4.22
4.06 4.19
4.03 4.17
4.00 4.15
3.97 4.12
3.94 4.10
3.92 4.07
3.89 4.05
3.86 4.02
3.83 4.00
3.80 3.97
3.77 3.95
3.73 3.92
3.70 3.89
3.67 3.87
3.64 3.84
3.60 3.81
3.57 3.78
3.54 3.76
3.50 3.73
3.47 3.70
3.43 3.67
3.40 3.64
3.36 3.62
3.33 3.59
3.29 3.56
3.25 3.53
3.22 3.50
3.18 3.47
3.14 3.44
3.10 3.41
3.06 3.38
3.03 3.35
2.99 3.32
2.95 3.29
2.91 3.26
2.86 3.23
2.82 3.20
2.78 3.17
2.74 3.14
2.70 3.11
2.65 3.08
2.61 3.05
2.57 3.02
2.52 2.99
2.48 2.96
2.43 2.94
2.39 2.91
2.34 2.88
2.30 2.85
2.25 2.82
2.20 2.80
2.16 2.77
2.11 2.74
2.06 2.72
2.01 2.69
1.96 2.67
1.91 2.64
1.86 2.62
1.81 2.60
1.75 2.57
1.70 2.55
1.65 2.53
1.59 2.51
1.54 2.50
1.48 2.48
1.43 2.46
1.37 2.45
1.31 2.44
1.25 2.43
1.19 2.42
1.13 2.41
1.07 2.41
1.01 2.40
0.95 2.40
0.88 2.40
0.82 2.41
0.75 2.41
0.68 2.42
0.62 2.43
0.55 2.45
0.48 2.47
0.41 2.49
0.34 2.51
0.27 2.54
0.20 2.57
0.13 2.60
0.06 2.64
-0.01 2.67
-0.07 2.72
-0.14 2.76
-0.20 2.80
-0.26 2.85
-0.32 2.90
-0.37 2.95
-0.42 3.00
-0.47 3.05
-0.51 3.10
-0.54 3.15
-0.57 3.20
-0.60 3.24
-0.61 3.29
-0.63 3.33
-0.63 3.37
-0.63 3.40
-0.62 3.44
-0.61 3.47
-0.58 3.49
-0.56 3.52
-0.53 3.54
-0.49 3.56
-0.45 3.58
-0.40 3.59
-0.35 3.60
-0.30 3.61
-0.24 3.62
-0.18 3.62
-0.12 3.62
-0.05 3.62
0.01 3.62
0.08 3.62
0.15 3.62
0.22 3.62
0.30 3.61
0.37 3.60
0.45 3.60
0.52 3.59
0.60 3.58
0.67 3.57
0.75 3.56
0.82 3.56
0.90 3.55
0.97 3.54
1.05 3.53
1.12 3.52
1.20 3.51
1.27 3.50
1.34 3.49
1.41 3.49
1.48 3.48
1.55 3.47
1.62 3.46
1.69 3.46
1.76 3.45
1.82 3.45
1.89 3.44
1.96 3.44
2.02 3.44
2.08 3.44
2.14 3.44
2.20 3.44
2.26 3.44
2.32 3.44
2.38 3.44
2.44 3.44
2.49 3.45
2.55 3.45
2.60 3.46
2.66 3.46
2.71 3.47
2.76 3.48
2.81 3.49
2.86 3.50
2.91 3.51
2.96 3.52
3.00 3.53
3.05 3.54
3.10 3.55
3.14 3.57
3.18 3.58
3.23 3.60
3.27 3.61
3.31 3.63
3.35 3.64
3.39 3.66
3.43 3.68
3.47 3.70
3.51 3.71
3.54 3.73
3.58 3.75
3.62 3.77
3.65 3.79
3.69 3.81
3.72 3.83
3.75 3.85
3.78 3.87
3.82 3.89
3.85 3.92
3.88 3.94
3.91 3.96
3.94 3.98
3.97 4.00
4.00 4.02
4.02 4.04
4.05 4.07
4.08 4.09
4.10 4.11
4.13 4.13
4.16 4.15
4.18 4.17
4.21 4.19
4.23 4.22
4.25 4.24
4.28 4.26
4.30 4.28
4.32 4.30
4.34 4.32
4.36 4.34
4.38 4.36
4.40 4.38
4.42 4.40
4.44 4.42
4.46 4.43
4.48 4.45
4.50 4.47
4.52 4.49
4.53 4.51
4.55 4.52
4.57 4.54
4.58 4.56
4.60 4.57
4.61 4.59
4.63 4.60
4.64 4.62
4.66 4.63
4.67 4.65
4.68 4.66
4.70 4.68
4.71 4.69
4.72 4.70
4.73 4.71
4.74 4.73
4.75 4.74
4.76 4.75
4.77 4.76
4.78 4.77
4.79 4.78
4.80 4.79
4.81 4.80
4.82 4.80
4.83 4.81
4.83 4.82
4.84 4.83
4.85 4.83
4.85 4.84
4.86 4.84
4.86 4.85
4.87 4.85
4.87 4.86
4.87 4.86
4.88 4.86
4.88 4.87
4.88 4.87
4.89 4.87
4.89 4.87
4.89 4.87
4.89 4.87
4.89 4.87
4.89 4.87
4.89 4.87
4.89 4.87
4.89 4.87
4.88 4.86
4.88 4.86
4.88 4.86
4.88 4.85
4.87 4.85
4.87 4.84
4.87 4.84
4.86 4.83
4.86 4.83
4.85 4.82
4.84 4.81
4.84 4.80
4.83 4.80
4.82 4.79
4.82 4.78
4.81 4.77
4.80 4.76
4.79 4.75
4.78 4.74
4.77 4.73
4.76 4.71
4.75 4.70
4.74 4.69
4.73 4.67
4.72 4.66
4.70 4.65
4.69 4.63
4.68 4.62
4.66 4.60
4.65 4.58
4.64 4.57
4.62 4.55
4.61 4.53
4.59 4.51
4.57 4.50
4.56 4.48
4.54 4.46
4.52 4.44
4.51 4.42
4.49 4.40
4.47 4.38
4.45 4.35
4.43 4.33
4.41 4.31
4.39 4.29
4.37 4.26
4.35 4.24
4.33 4.22
4.31 4.19
4.29 4.17
4.27 4.14
4.25 4.11
4.22 4.09
4.20 4.06
4.18 4.03
4.15 4.01
4.13 3.98
4.11 3.95
4.08 3.92
4.06 3.89
4.03 3.86
4.01 3.83
3.98 3.80
3.95 3.77
3.93 3.74
3.90 3.71
3.88 3.68
3.85 3.64
3.82 3.61
3.79 3.58
3.77 3.54
3.74 3.51
3.71 3.48
3.68 3.44
3.65 3.41
3.63 3.37
3.60 3.33
3.57 3.30
3.54 3.26
3.51 3.22
3.48 3.19
3.45 3.15
3.42 3.11
3.39 3.07
3.36 3.03
3.33 2.99
3.30 2.95
3.27 2.91
3.24 2.87
3.21 2.83
3.18 2.79
3.15 2.74
3.12 2.70
3.10 2.66
3.07 2.62
3.04 2.57
3.01 2.53
2.98 2.48
2.95 2.44
2.92 2.39
2.89 2.35
2.87 2.30
2.84 2.25
2.81 2.20
2.79 2.16
2.76 2.11
2.73 2.06
2.71 2.01
2.69 1.96
2.66 1.91
2.64 1.86
2.62 1.80
2.60 1.75
2.58 1.70
2.56 1.64
2.54 1.59
2.52 1.53
2.51 1.48
2.49 1.42
2.48 1.36
2.47 1.30
2.46 1.24
2.46 1.18
2.45 1.12
2.45 1.06
2.45 0.99
2.45 0.93
2.45 0.86
2.46 0.80
2.47 0.73
2.48 0.66
2.50 0.59
2.52 0.52
2.54 0.45
2.56 0.38
2.59 0.30
2.62 0.23
2.65 0.16
2.69 0.09
2.73 0.02
2.78 -0.05
2.82 -0.12
2.87 -0.19
2.92 -0.25
2.97 -0.31
3.02 -0.37
3.07 -0.42
3.12 -0.47
3.18 -0.51
3.23 -0.55
3.27 -0.58
3.32 -0.61
3.37 -0.62
3.41 -0.64
3.45 -0.64
3.48 -0.64
3.52 -0.63
3.55 -0.62
3.57 -0.60
3.59 -0.57
3.61 -0.54
3.63 -0.50
3.65 -0.46
3.66 -0.41
3.67 -0.36
3.67 -0.31
3.67 -0.25
3.68 -0.19
3.68 -0.12
3.67 -0.06
3.67 0.01
3.66 0.08
3.66 0.15
3.65 0.22
3.64 0.30
3.63 0.37
3.62 0.45
3.61 0.52
3.60 0.60
3.59 0.68
3.57 0.75
3.56 0.83
3.55 0.90
3.54 0.98
3.52 1.05
3.51 1.13
3.50 1.20
3.49 1.28
3.48 1.35
3.47 1.42
3.46 1.49
3.45 1.56
3.44 1.63
3.43 1.70
3.42 1.76
3.41 1.83
3.41 1.90
3.40 1.96
3.40 2.02
3.40 2.09
3.39 2.15
3.39 2.21
3.39 2.27
3.39 2.33
3.39 2.39
3.39 2.44
3.40 2.50
3.40 2.55
3.40 2.61
3.41 2.66
3.42 2.71
3.42 2.76
3.43 2.81
3.44 2.86
3.45 2.91
3.46 2.96
3.48 3.00
3.49 3.05
3.50 3.09
3.51 3.14
3.53 3.18
3.54 3.22
3.56 3.26
3.58 3.31
3.59 3.35
3.61 3.39
3.63 3.42
3.65 3.46
3.67 3.50
3.69 3.54
3.71 3.57
3.73 3.61
3.75 3.64
3.77 3.67
3.79 3.71
3.81 3.74
3.83 3.77
3.85 3.80
3.88 3.83
3.90 3.86
3.92 3.89
3.94 3.92
3.97 3.95
3.99 3.98
4.01 4.01
4.03 4.04
4.06 4.06
4.08 4.09
4.10 4.11
4.12 4.14
4.14 4.16
4.17 4.19
4.19 4.21
4.21 4.23
4.23 4.26
4.25 4.28
4.27 4.30
4.30 4.32
4.32 4.34
4.34 4.37
4.36 4.39
4.38 4.41
4.40 4.43
4.42 4.44
4.43 4.46
4.45 4.48
4.47 4.50
4.49 4.52
4.51 4.53
4.53 4.55
4.54 4.57
4.56 4.58
4.58 4.60
4.59 4.61
4.61 4.63
4.62 4.64
4.64 4.66
4.65 4.67
4.67 4.68
4.68 4.70
4.69 4.71
4.71 4.72
4.72 4.73
4.73 4.74
4.74 4.75
4.75 4.76
4.76 4.77
4.77 4.78
4.78 4.79
4.79 4.80
4.80 4.81
4.81 4.82
4.82 4.82
4.82 4.83
4.83 4.84
4.84 4.84
4.84 4.85
4.85 4.86
4.85 4.86
4.86 4.87
4.86 4.87
4.87 4.87
4.87 4.88
4.87 4.88
4.87 4.88
4.88 4.89
4.88 4.89
4.88 4.89
4.88 4.89
4.88 4.89
4.88 4.89
4.88 4.89
4.87 4.89
4.87 4.89
4.87 4.89
4.87 4.88
4.86 4.88
4.86 4.88
4.85 4.88
4.85 4.87
4.84 4.87
4.84 4.86
4.83 4.86
4.83 4.85
4.82 4.85
4.81 4.84
4.80 4.83
4.79 4.83
4.78 4.82
4.77 4.81
4.76 4.80
4.75 4.79
4.74 4.78
4.73 4.77
4.72 4.76
4.71 4.75
4.69 4.74
4.68 4.73
4.67 4.72
4.65 4.71
4.64 4.69
4.62 4.68
4.61 4.67
4.59 4.65
4.57 4.64
4.56 4.63
4.54 4.61
4.52 4.60
4.50 4.58
4.48 4.56
4.46 4.55
4.44 4.53
4.42 4.51
4.40 4.49
4.38 4.48
4.36 4.46
4.34 4.44
4.32 4.42
4.29 4.40
4.27 4.38
4.25 4.36
4.22 4.34
4.20 4.32
4.17 4.30
4.15 4.27
4.12 4.25
4.09 4.23
4.07 4.21
4.04 4.18
4.01 4.16
3.98 4.14
3.96 4.11
3.93 4.09
3.90 4.06
3.87 4.04
3.84 4.01
3.81 3.99
3.78 3.96
3.75 3.94
3.71 3.91
3.68 3.88
3.65 3.86
3.62 3.83
3.58 3.80
3.55 3.78
3.52 3.75
3.48 3.72
3.45 3.69
3.41 3.66
3.37 3.64
3.34 3.61
3.30 3.58
3.27 3.55
3.23 3.52
3.19 3.49
3.15 3.46
3.11 3.43
3.07 3.40
3.04 3.37
3.00 3.34
2.96 3.32
2.91 3.29
2.87 3.26
2.83 3.23
2.79 3.20
2.75 3.17
2.71 3.14
2.66 3.11
2.62 3.08
2.57 3.05
2.53 3.02
2.49 3.00
2.44 2.97
2.39 2.94
2.35 2.91
2.30 2.88
2.25 2.86
2.20 2.83
2.16 2.81
2.11 2.78
2.06 2.76
2.01 2.73
1.96 2.71
1.90 2.69
1.85 2.67
1.80 2.64
1.74 2.63
1.69 2.61
1.63 2.59
1.58 2.57
1.52 2.56
1.46 2.54
1.41 2.53
1.35 2.52
1.28 2.51
1.22 2.51
1.16 2.50
1.10 2.50
1.03 2.50
0.97 2.50
0.90 2.51
0.83 2.52
0.76 2.53
0.69 2.54
0.62 2.56
0.55 2.58
0.47 2.60
0.40 2.63
0.32 2.66
0.25 2.70
0.17 2.73
0.10 2.77
0.02 2.82
-0.05 2.86
-0.12 2.91
-0.19 2.96
-0.26 3.02
-0.32 3.07
-0.38 3.13
-0.43 3.18
-0.48 3.23
-0.53 3.29
-0.57 3.34
-0.60 3.39
-0.63 3.44
-0.64 3.48
-0.66 3.52
-0.66 3.56
-0.66 3.60
-0.65 3.63
-0.63 3.65
-0.61 3.68
-0.58 3.70
-0.55 3.71
-0.51 3.73
-0.46 3.74
-0.41 3.74
-0.36 3.75
-0.30 3.75
-0.24 3.75
-0.18 3.74
-0.11 3.74
-0.05 3.73
0.02 3.72
0.10 3.71
0.17 3.70
0.24 3.69
0.32 3.67
0.39 3.66
0.47 3.64
0.55 3.63
0.62 3.61
0.70 3.59
0.78 3.58
0.85 3.56
0.93 3.54
1.01 3.52
1.08 3.51
1.16 3.49
1.23 3.48
1.30 3.46
1.38 3.45
1.45 3.43
1.52 3.42
1.59 3.40
1.66 3.39
1.73 3.38
1.79 3.37
1.86 3.36
1.92 3.35
1.99 3.35
2.05 3.34
2.11 3.34
2.17 3.33
2.23 3.33
2.29 3.33
2.35 3.33
2.41 3.33
2.46 3.33
2.52 3.33
2.57 3.33
2.62 3.34
2.68 3.34
2.73 3.35
2.78 3.36
2.83 3.37
2.88 3.38
2.92 3.39
2.97 3.40
3.01 3.41
3.06 3.42
3.10 3.44
3.15 3.45
3.19 3.47
3.23 3.48
3.27 3.50
3.31 3.52
3.35 3.53
3.39 3.55
3.42 3.57
3.46 3.59
3.50 3.61
3.53 3.63
3.57 3.65
3.60 3.68
3.64 3.70
3.67 3.72
3.70 3.74
3.73 3.76
3.76 3.79
3.79 3.81
3.82 3.83
3.85 3.86
3.88 3.88
3.91 3.90
3.94 3.93
3.97 3.95
3.99 3.97
4.02 4.00
4.05 4.02
4.07 4.04
4.10 4.07
4.12 4.09
4.15 4.11
4.17 4.14
4.19 4.16
4.22 4.18
4.24 4.21
4.26 4.23
4.28 4.25
4.30 4.27
4.33 4.29
4.35 4.31
4.37 4.34
4.39 4.36
4.41 4.38
4.42 4.40
4.44 4.42
4.46 4.44
4.48 4.46
4.50 4.47
4.51 4.49
4.53 4.51
4.55 4.53
4.56 4.55
4.58 4.56
4.59 4.58
4.61 4.60
4.62 4.61
4.64 4.63
4.65 4.64
4.67 4.66
4.68 4.67
4.69 4.68
4.70 4.70
4.72 4.71
4.73 4.72
4.74 4.74
4.75 4.75
4.76 4.76
4.77 4.77
4.78 4.78
4.79 4.79
4.80 4.80
4.81 4.81
4.81 4.81
4.82 4.82
4.83 4.83
4.84 4.84
4.84 4.84
4.85 4.85
4.85 4.85
4.86 4.86
4.86 4.86
4.87 4.87
4.87 4.87
4.88 4.88
4.88 4.88
4.88 4.88
4.88 4.88
4.89 4.88
4.89 4.88
4.89 4.88
4.89 4.88
4.89 4.88
4.89 4.88
4.89 4.88
4.89 4.88
4.89 4.88
4.88 4.87
4.88 4.87
4.88 4.86
4.88 4.86
4.87 4.86
4.87 4.85
4.86 4.84
4.86 4.84
4.85 4.83
4.85 4.82
4.84 4.82
4.84 4.81
4.83 4.80
4.82 4.79
4.81 4.78
4.81 4.77
4.80 4.76
4.79 4.75
4.78 4.74
4.77 4.72
4.76 4.71
4.75 4.70
4.74 4.68
4.72 4.67
4.71 4.66
4.70 4.64
4.69 4.63
4.67 4.61
4.66 4.59
4.65 4.58
4.63 4.56
4.62 4.54
4.60 4.52
4.59 4.51
4.57 4.49
4.55 4.47
4.54 4.45
4.52 4.43
4.50 4.41
4.48 4.39
4.46 4.36
4.45 4.34
4.43 4.32
4.41 4.30
4.39 4.27
4.37 4.25
4.35 4.23
4.33 4.20
4.30 4.18
4.28 4.15
4.26 4.12
4.24 4.10
4.22 4.07
4.19 4.04
4.17 4.02
4.15 3.99
4.12 3.96
4.10 3.93
4.07 3.90
4.05 3.87
4.02 3.84
4.00 3.81
3.97 3.78
3.95 3.75
3.92 3.72
3.89 3.69
3.87 3.65
3.84 3.62
3.81 3.59
3.79 3.55
3.76 3.52
3.73 3.49
3.70 3.45
3.67 3.41
3.65 3.38
3.62 3.34
3.59 3.31
3.56 3.27
3.53 3.23
3.50 3.19
3.47 3.16
3.45 3.12
3.42 3.08
3.39 3.04
3.36 3.00
3.33 2.96
3.30 2.92
3.27 2.88
3.24 2.83
3.21 2.79
3.18 2.75
3.15 2.71
3.13 2.66
3.10 2.62
3.07 2.58
3.04 2.53
3.01 2.48
2.99 2.44
2.96 2.39
2.93 2.35
2.91 2.30
2.88 2.25
2.85 2.20
2.83 2.15
2.81 2.10
2.78 2.05
2.76 2.00
2.74 1.95
2.72 1.90
2.70 1.84
2.68 1.79
2.66 1.73
2.64 1.68
2.63 1.62
2.61 1.56
2.60 1.50
2.59 1.44
2.58 1.38
2.57 1.32
2.57 1.26
2.57 1.19
2.57 1.13
2.57 1.06
2.57 0.99
2.58 0.93
2.59 0.86
2.60 0.78
2.62 0.71
2.64 0.64
2.66 0.56
2.69 0.48
2.72 0.41
2.76 0.33
2.80 0.25
2.84 0.17
2.88 0.09
2.93 0.01
2.98 -0.06
3.04 -0.14
3.09 -0.21
3.15 -0.28
3.21 -0.35
3.27 -0.41
3.33 -0.47
3.38 -0.52
3.44 -0.57
3.49 -0.60
3.54 -0.64
3.59 -0.66
3.63 -0.68
3.67 -0.69
3.71 -0.69
3.74 -0.68
3.77 -0.67
3.79 -0.65
3.81 -0.62
3.82 -0.59
3.83 -0.55
3.84 -0.51
3.85 -0.46
3.85 -0.41
3.84 -0.35
3.84 -0.29
3.83 -0.22
3.82 -0.16
3.81 -0.09
3.79 -0.02
3.78 0.05
3.76 0.13
3.74 0.20
3.72 0.28
3.70 0.36
3.68 0.44
3.66 0.51
3.63 0.59
3.61 0.67
3.59 0.75
3.56 0.83
3.54 0.90
3.52 0.98
3.50 1.06
3.47 1.13
3.45 1.21
3.43 1.28
3.41 1.35
3.39 1.43
3.37 1.50
3.36 1.57
3.34 1.64
3.33 1.71
3.31 1.77
3.30 1.84
3.29 1.91
3.28 1.97
3.27 2.03
3.26 2.10
3.25 2.16
3.25 2.22
3.24 2.28
3.24 2.33
3.24 2.39
3.24 2.45
3.24 2.50
3.24 2.56
3.24 2.61
3.25 2.66
3.26 2.71
3.26 2.76
3.27 2.81
3.28 2.86
3.29 2.90
3.30 2.95
3.31 2.99
3.33 3.04
3.34 3.08
3.36 3.12
3.37 3.16
3.39 3.20
3.41 3.24
3.43 3.28
3.45 3.32
3.47 3.36
3.49 3.39
3.51 3.43
3.53 3.47
3.55 3.50
3.57 3.53
3.60 3.57
3.62 3.60
3.64 3.63
3.67 3.66
3.69 3.70
3.71 3.73
3.74 3.76
3.76 3.79
3.79 3.81
3.81 3.84
3.84 3.87
3.86 3.90
3.89 3.93
3.91 3.95
3.94 3.98
3.96 4.00
3.99 4.03
4.01 4.05
4.04 4.08
4.06 4.10
4.09 4.13
4.11 4.15
4.13 4.17
4.16 4.19
4.18 4.22
4.20 4.24
4.23 4.26
4.25 4.28
4.27 4.30
4.30 4.32
4.32 4.34
4.34 4.36
4.36 4.38
4.38 4.40
4.40 4.42
4.42 4.44
4.44 4.46
4.46 4.47
4.48 4.49
4.50 4.51
4.52 4.52
4.54 4.54
4.55 4.56
4.57 4.57
4.59 4.59
4.60 4.60
4.62 4.62
4.64 4.63
4.65 4.64
4.66 4.66
4.68 4.67
4.69 4.68
4.71 4.70
4.72 4.71
4.73 4.72
4.74 4.73
4.75 4.74
4.77 4.75
4.78 4.76
4.79 4.77
4.80 4.78
4.81 4.79
4.81 4.80
4.82 4.81
4.83 4.82
4.84 4.82
4.84 4.83
4.85 4.84
4.86 4.84
4.86 4.85
4.87 4.86
4.87 4.86
4.87 4.87
4.88 4.87
4.88 4.87
4.88 4.88
4.89 4.88
4.89 4.88
4.89 4.88
4.89 4.89
4.89 4.89
4.89 4.89
4.89 4.89
4.89 4.89
4.89 4.89
4.88 4.89
4.88 4.89
4.88 4.89
4.87 4.88
4.87 4.88
4.86 4.88
4.86 4.87
4.85 4.87
4.85 4.87
4.84 4.86
4.83 4.86
4.83 4.85
4.82 4.85
4.81 4.84
4.80 4.83
4.79 4.82
4.78 4.82
4.77 4.81
4.76 4.80
4.75 4.79
4.74 4.78
4.73 4.77
4.71 4.76
4.70 4.75
4.69 4.74
4.67 4.73
4.66 4.72
4.64 4.70
4.63 4.69
4.61 4.68
4.60 4.67
4.58 4.65
4.56 4.64
4.55 4.62
4.53 4.61
4.51 4.59
4.49 4.58
4.47 4.56
4.45 4.54
4.43 4.53
4.41 4.51
4.39 4.49
4.37 4.47
4.35 4.45
4.32 4.43
4.30 4.41
4.28 4.39
4.25 4.37
4.23 4.35
4.21 4.33
4.18 4.31
4.15 4.29
4.13 4.27
4.10 4.25
4.08 4.22
4.05 4.20
4.02 4.18
3.99 4.15
3.96 4.13
3.94 4.11
3.91 4.08
3.88 4.06
3.85 4.03
3.82 4.01
3.79 3.98
3.75 3.96
3.72 3.93
3.69 3.90
3.66 3.88
3.62 3.85
3.59 3.82
3.56 3.80
3.52 3.77