-11408 696 9756 0.30 0.44 136
-12088 344 9352 0.13 0.07 88
-11948 368 9376 -0.07 -0.25 321
-11876 332 7852 -0.02 -0.58 660
-11620 308 8152 0.15 -0.91 794
-12004 20 9880 0.25 -1.17 485
-12240 152 11748 0.13 -1.72 190
-11332 1356 11040 -0.17 -2.09 -176
-11928 836 9640 -0.42 -2.11 -1078
-12364 1412 11860 -0.28 -2.45 -2018
-11776 1940 11548 -0.54 -2.36 -2389
-9724 848 9912 -0.75 -2.29 -1875
-9812 -348 10400 -0.48 -2.90 -3951
-10680 -1876 11392 -0.18 -4.16 -4578
-9960 -824 12468 -0.11 -5.40 -7870
-8248 416 11496 -0.18 -5.54 -9633
-6980 -236 11300 -0.27 -5.23 -7517
-8380 -868 14960 -0.59 -5.34 -7420
-6528 -1104 12652 -1.23 -5.28 -6272
-5008 -2128 10952 -0.89 -5.13 -5055
-4928 -2164 13204 -0.32 -5.54 -3997
-4748 -2760 14784 -0.23 -5.92 -2286
-4356 -1816 13988 -0.31 -6.03 -1337
-3368 -1628 13528 -0.26 -6.33 -780
-1308 -2508 13776 -0.05 -6.25 -661
-1020 -2056 13536 0.09 -6.19 -474
-928 -1732 13412 0.54 -5.96 -2358
-644 -1816 13468 0.95 -6.30 -3740
1816 -1096 16384 1.11 -6.54 -1722
1528 -780 18584 0.80 -6.04 380
1236 -1128 17580 0.16 -5.58 -576
2812 -1432 15480 0.12 -4.99 -892
3788 -1256 15604 0.22 -4.51 -1087
4360 -912 15832 0.31 -4.17 -1646
4648 76 16480 0.58 -4.04 -1688
5568 -256 17116 0.63 -4.06 -1687
7132 -1192 16180 0.55 -4.06 -761
6476 -896 18052 0.19 -4.34 -370
6952 -724 16868 -0.25 -4.17 -1169
7952 -316 14440 -0.05 -3.92 -1021
8168 -108 14636 0.09 -3.82 -555
8760 -856 14076 0.23 -3.88 -451
9308 -308 13804 0.56 -3.84 -526
9648 -300 13096 0.86 -3.64 -186
10684 -632 12236 1.29 -3.61 410
9480 -164 15636 1.26 -3.77 546
11232 640 13920 0.69 -3.58 376
10596 744 13416 0.29 -3.43 -346
12408 -144 14304 0.02 -3.47 -310
12776 172 12484 -0.16 -3.36 -105
12252 444 11028 0.14 -3.03 -304
12164 -216 10876 0.50 -2.82 -672
12224 -372 11412 0.65 -2.81 -1497
12344 668 10884 0.57 -2.82 -1277
13864 640 11476 0.49 -2.80 -1295
14584 408 11992 0.43 -2.71 -914
14368 284 10844 0.22 -2.55 -237
14240 896 10372 0.04 -2.43 -22
14640 916 10416 0.02 -2.25 35
14804 980 9396 0.16 -1.91 245
14460 632 9484 0.39 -1.59 11
14704 256 9164 0.37 -1.15 -128
15100 312 10368 0.19 -0.87 41
16184 540 9644 -0.10 -0.58 530
15496 760 9368 -0.08 -0.34 669
15676 644 10708 -0.06 -0.04 659
15620 92 10008 -0.27 0.40 705
15240 172 9776 -0.37 0.94 536
15840 604 10800 -0.45 1.38 661
15296 64 8468 -0.17 1.87 430
14444 308 8712 0.18 2.08 226
14480 656 12220 0.06 2.15 -131
14804 656 12544 -0.60 2.74 -304
14436 180 7956 -0.85 3.69 -94
12896 4 8316 -0.11 3.82 -19
12880 316 11720 0.26 3.63 -254
12960 204 14932 0.18 3.65 -281
12876 24 13264 -0.27 4.09 40
12952 -256 11808 -0.51 4.51 835
11812 92 11980 -0.52 4.44 1133
11160 -160 13820 -0.43 4.14 822
10796 44 13948 -0.41 4.22 731
10532 -468 14020 -0.32 4.54 835
9704 -484 15180 -0.39 4.58 1238
9472 240 14804 -0.64 4.85 1239
8852 -308 13472 -0.46 4.92 1478
8048 -1080 14112 -0.08 4.51 1705
7380 -740 13172 0.25 4.18 1825
6376 -516 14908 0.52 3.84 1821
5600 -236 16584 0.29 3.72 1400
5240 28 17708 -0.11 3.88 1097
4648 -356 17808 -0.47 4.12 924
4776 -676 17560 -0.66 4.41 1239
3896 -760 14836 -0.69 4.34 1534
3472 -1588 14132 -0.23 3.99 1944
1976 -612 13972 0.25 3.80 1599
1784 -1032 16028 0.35 3.68 1066
1032 -1064 18684 -0.03 3.47 678
828 -480 17600 -0.53 3.51 398
948 -628 14412 -0.64 3.98 689
-560 -1124 14344 -0.26 4.10 281
-824 -988 16244 -0.18 4.02 264
-1132 -604 17020 -0.30 4.02 133
-1992 -1444 16188 -0.40 4.01 266
-2872 -1212 14576 -0.21 3.86 217
-3632 -868 14048 -0.03 3.68 -362
-3548 -944 13656 0.34 3.31 -538
-3988 -628 14644 0.71 2.92 -252
-4260 -268 15120 0.93 2.89 417
-5252 -472 16032 0.63 3.18 607
-5192 -424 15920 0.21 3.39 886
-5692 -504 14380 -0.02 3.40 989
-5960 -104 13520 0.08 3.18 1054
-6328 20 11900 0.35 3.08 1068
-6968 0 12500 0.57 3.03 1003
-7824 -332 13924 0.36 2.94 722
-8072 168 13604 0.14 2.91 362
-8208 576 13536 -0.10 3.14 -116
-8436 540 13288 -0.30 3.42 -94
-9188 352 12192 -0.23 3.46 -103
-8952 28 11548 -0.20 3.42 -229
-8688 1032 12028 -0.27 3.34 -10
-9636 296 10828 -0.48 3.55 -60
-10340 -80 10236 -0.45 3.66 -181
-10376 -172 9820 -0.32 3.51 190
-10100 344 10432 -0.35 3.32 911
-11436 236 10756 -0.57 3.45 1255
-11864 0 9884 -0.72 3.63 1298
-12308 -432 8808 -0.56 3.49 1322
-12732 -208 7488 -0.29 3.01 1113
-13140 -392 7828 -0.26 2.49 572
-13112 -628 6892 -0.30 2.01 298
-13664 -800 7592 -0.12 1.40 -140
-14556 -1584 8108 -0.12 0.53 -817
-14692 -1776 6604 -0.25 -0.59 -1669
-13916 -992 5968 -0.25 -1.68 -2056
-13172 -116 7412 -0.13 -2.45 -1709
-13704 -96 9228 -0.12 -2.94 -1448
-13164 -392 9136 -0.29 -3.42 -1232
-12388 -572 8400 -0.39 -3.91 -1351
-10400 -968 9956 -0.35 -4.52 -1249
-11292 -1404 9068 -0.56 -5.43 -1447
-11064 -1016 8788 -0.43 -6.35 -1424
-10304 -400 10320 -0.29 -6.72 -1241
-8912 -888 11608 -0.18 -7.04 -1307
-9208 -1552 11736 -0.23 -6.94 -1811
-7036 -456 12796 -0.34 -6.55 -2154
-7340 -560 14164 -0.43 -5.99 -2435
-6376 -856 13476 -0.35 -5.74 -2587
-6012 -1100 12092 -0.09 -5.77 -2652
-4004 -1760 12488 0.44 -5.83 -2358
-3428 -1624 15036 0.47 -5.70 -1870
-2936 -1704 15292 0.34 -5.62 -1796
-2056 -956 15404 0.30 -5.42 -1494
-1748 -704 15508 0.29 -5.21 -1502
-1100 -856 15992 0.21 -5.19 -1558
-148 -604 15108 0.36 -5.12 -1680
544 -836 15676 0.41 -5.18 -1640
1544 -904 16108 0.24 -5.27 -1506
2124 -356 16200 0.10 -5.10 -1401
3096 -852 14632 0.35 -4.77 -1520
3688 -496 16064 0.62 -4.69 -1794
3812 -564 17132 0.37 -4.77 -2129
4220 -540 17576 0.24 -4.52 -2444
5676 -580 18172 -0.09 -4.03 -2323
6020 -988 15228 -0.15 -3.85 -2038
6188 -792 14956 -0.09 -3.90 -1881
6916 -348 15104 0.06 -3.83 -1527
7328 -440 14112 0.31 -3.62 -1544
8000 188 14676 0.56 -3.65 -1696
8648 -28 15988 0.40 -3.82 -2159
8900 -76 14232 0.30 -3.94 -2328
8884 -8 13384 0.51 -3.95 -2769
9752 140 13900 0.55 -3.91 -3133
10432 152 13036 0.65 -3.88 -3145
9976 216 12096 0.85 -3.73 -3388
11116 -124 13744 0.81 -3.99 -3451
11736 -436 12132 0.79 -4.13 -3139
11664 1176 13344 0.69 -4.24 -2865
12232 1216 12296 0.47 -3.84 -3203
12432 1176 11160 0.65 -3.40 -3162
14000 716 11428 0.74 -3.23 -2585
13684 1200 11816 0.69 -3.28 -2058
13484 836 11380 0.69 -3.10 -1959
13696 1196 11964 0.71 -2.85 -1736
14264 1948 13252 0.24 -2.69 -1454
15240 2168 12980 -0.59 -2.30 -405
15020 1548 9456 -0.76 -1.82 518
15488 2312 12668 -0.90 -1.57 732
16200 1884 15280 -1.58 -0.86 1388
16636 1808 12672 -2.16 -0.05 2673
16372 996 12396 -2.44 0.59 3878
16724 568 4340 -2.32 1.95 5562
13992 1664 7820 -1.33 2.28 5187
14544 368 10864 -1.17 2.25 3781
14428 208 13796 -1.06 2.66 3534
15068 188 13512 -1.46 3.82 4002
14160 -140 8776 -1.66 4.98 4299
13452 -796 3708 -0.75 5.09 4406
11320 -1040 8560 0.49 4.02 3110
11296 -720 14956 0.60 3.28 2152
11584 -1216 18328 -0.19 2.99 2608
11508 -1080 16172 -1.36 3.13 2620
11440 -1676 11488 -1.80 3.63 2930
11032 -2160 10040 -1.23 4.00 3093
9556 -2312 11760 -0.33 3.89 3018
9364 -2308 14136 0.19 3.64 2918
9388 -1784 14528 0.13 3.55 2886
8160 -1628 15224 -0.11 3.41 2590
7712 -1852 15388 -0.53 3.36 2202
7244 -1876 15428 -0.71 3.40 2178
7164 -2364 14780 -0.66 3.31 2318
6916 -2316 14496 -0.35 3.40 2373
6724 -2592 15668 -0.11 3.29 2512
4828 -2612 14536 -0.11 3.08 2313
4948 -2464 14556 -0.02 2.80 2003
4548 -2464 15492 0.11 2.45 1835
3952 -2984 16344 -0.14 2.29 1792
3768 -2576 15652 -0.22 2.38 1945
3476 -3020 14256 0.01 2.18 1923
3104 -3260 14056 0.40 1.83 1610
2724 -2672 15724 0.64 1.32 1224
2572 -2248 17456 0.41 0.98 810
2372 -2472 16920 0.14 0.98 856
2604 -2708 16052 -0.02 1.13 1085
2280 -2536 15604 -0.07 1.20 1095
1924 -2612 14588 0.06 1.19 889
2224 -2016 14652 0.37 1.04 513
1088 -2556 15464 0.69 0.67 -44
1896 -2548 16652 0.63 0.28 -257
1612 -2260 16544 0.37 0.21 -394
1052 -2476 16164 0.26 0.18 -546
1472 -1676 15252 0.34 -0.01 -815
2016 -1392 14272 0.76 -0.41 -549
1704 -2188 15508 1.26 -0.74 -693
1312 -2216 16576 1.27 -0.78 -743
800 -2208 16992 0.94 -0.75 -1179
1828 -1128 16264 0.55 -0.58 -1081
1968 -1132 14792 0.62 -0.31 -802
2296 -1512 13648 1.09 -0.20 -210
2444 -1108 14920 1.51 -0.39 137
2216 -828 16568 1.71 -0.63 414
2060 -328 15944 1.62 -0.48 329
2556 572 14476 1.71 -0.27 495
2500 604 15004 2.08 -0.46 615
2604 484 15240 2.44 -0.63 652
2504 748 14900 2.71 -0.64 536
2320 1484 17400 2.79 -0.56 296
2372 1960 17092 2.71 -0.45 -282
2504 2044 15796 2.86 -0.46 -247
3028 3204 17088 2.76 -0.42 -387
3160 3124 15480 2.57 -0.34 -587
3380 3812 14732 2.75 -0.32 -342
1824 3280 15544 3.00 -0.31 -618
2060 3464 14852 3.06 -0.28 -1935
2616 4524 15844 3.08 -0.26 -2106
2108 5084 15180 3.12 -0.20 -1835
2832 5208 14836 3.07 -0.21 -1872
3668 6128 16640 3.00 -0.08 -1554
2992 6148 15820 2.72 -0.11 -1631
2044 6460 14516 2.65 -0.09 -2344
2060 7444 14292 2.63 0.05 -2486
2704 7664 14656 2.47 0.17 -2621
2340 7212 14556 2.45 -0.10 -2389
2324 7616 13200 2.55 -0.12 -2486
2704 7880 12172 2.77 -0.19 -2152
2544 8592 14840 2.70 -0.44 -2394
3256 8488 12548 2.40 -0.26 -1909
2692 9364 12224 2.80 -0.38 -1323
2488 10332 15472 2.80 -0.51 -1516
2908 10700 17628 1.79 -0.03 -1790
3072 10676 15688 0.76 0.23 -1841
3280 10380 14164 0.48 0.09 -1366
2548 9940 12732 0.47 -0.18 -1034
2224 9764 13364 0.62 -0.42 -990
2092 9920 15916 0.31 -0.45 -1173
2972 9668 18760 -0.73 -0.23 -894
3360 9212 18764 -2.09 0.32 -17
2748 10132 17204 -3.24 0.57 573
2776 9044 11220 -3.28 0.82 928
1620 8876 13784 -2.65 1.08 905
2500 8156 16904 -2.80 0.72 749
3300 8556 16408 -3.29 0.56 1574
2140 8632 18096 -3.98 0.57 1709
2472 8616 16684 -4.80 1.23 1747
1628 8852 13220 -5.16 1.13 911
2196 6392 10408 -4.32 0.35 984
1072 6484 11968 -3.52 -0.28 706
1240 5312 14560 -3.37 -0.58 164
832 5128 17568 -3.83 -0.42 -417
1140 5404 17848 -4.53 -0.12 -1258
2160 4572 16272 -4.76 0.09 -1142
2384 3452 15204 -4.60 -0.12 -920
2344 1972 14244 -4.28 -0.40 -454
2092 1136 14728 -3.78 -0.61 272
1612 280 16096 -3.55 -0.61 458
1596 912 17144 -3.80 -0.25 448
1968 -32 17804 -4.12 -0.02 33
1816 -384 16040 -4.14 -0.10 -365
1988 -396 15124 -3.58 -0.59 -625
2780 -1860 15864 -3.30 -0.89 -182
2708 -2264 16636 -3.56 -0.78 764
2464 -2228 16572 -3.87 -0.50 1181
2080 -2544 17024 -4.02 -0.24 1263
2240 -3048 15540 -3.76 -0.22 996
2184 -4056 14648 -3.15 -0.26 545
2020 -3936 15916 -2.96 -0.15 -3
3024 -4452 16616 -3.24 0.19 93
2872 -4788 15420 -3.64 0.41 452
2288 -5624 13120 -3.25 0.21 430
2084 -6264 13464 -2.72 -0.21 167
2148 -6340 14412 -2.78 -0.31 83
2500 -6856 14560 -3.01 -0.21 457
2492 -7340 15208 -3.42 0.01 1210
2116 -7140 14608 -3.74 0.00 745
2336 -7840 13176 -3.78 -0.12 178
2028 -8244 13228 -3.70 -0.08 -244
2412 -8848 13160 -3.55 0.06 -356
2696 -9024 12988 -3.51 0.08 -96
2648 -9312 12524 -3.32 -0.01 28
2732 -9752 12840 -3.27 -0.09 321
2704 -10148 12448 -3.45 0.02 825
2384 -10656 12900 -3.62 0.01 1198
2180 -10544 12488 -3.63 -0.25 1005
1400 -11268 13552 -3.78 -0.26 645
1388 -12484 12508 -4.15 0.01 371
1008 -12788 10792 -4.03 -0.17 -455
1264 -12504 9292 -3.48 -0.54 -1190
1268 -12788 8716 -3.08 -0.67 -1575
2320 -12224 8900 -3.11 -0.33 -1434
2820 -13748 7532 -3.11 -0.13 -1125
2080 -13656 5148 -2.29 -0.32 -1413
2200 -13660 6976 -1.63 -0.40 -1598
2320 -13600 6240 -1.62 -0.11 -1226
1992 -13620 4156 -1.56 0.08 -1077
2336 -14144 2472 -0.88 0.07 -1138
2256 -14156 2024 0.04 -0.03 -1591
2616 -14796 2300 1.30 -0.12 -1641
2820 -14560 4848 2.27 -0.34 -1763
3532 -13824 5580 2.65 -0.20 -1436
3484 -13464 7268 2.90 -0.04 -1020
3408 -13228 7420 3.01 0.14 -874
3076 -13032 8252 3.44 0.30 -714
3112 -12932 8652 3.78 0.15 -385
3760 -12068 12980 3.81 -0.03 -156
3200 -12472 13048 3.05 0.16 31
3000 -12740 11320 2.68 0.24 644
2332 -12828 9368 2.77 0.19 550
1884 -11764 10588 3.15 0.20 -5
2456 -11108 12108 3.47 0.17 -500
2300 -10824 12204 3.57 -0.09 -919
2572 -10156 12212 3.56 -0.18 -384
2496 -9912 14028 3.47 0.12 -10
2472 -9576 10924 3.54 0.30 -39
1824 -8720 10980 4.07 0.28 -525
2672 -8168 15856 4.07 -0.02 -821
2880 -7700 16072 3.56 0.29 -390
2300 -7240 14792 3.25 0.51 -286
2140 -6924 14340 3.35 0.30 -384
2200 -6444 13360 3.48 0.19 -419
2308 -6248 15848 3.57 0.11 -80
2668 -5684 17996 3.12 0.07 201
2296 -5344 15920 2.64 0.15 201
2020 -5164 13672 2.74 0.08 52
1584 -4476 15176 3.10 0.06 -257
2420 -3524 14736 3.18 0.27 -280
2008 -3548 17088 3.13 0.10 -249
1804 -3080 18736 2.39 -0.03 -645
1712 -3008 16520 1.74 0.03 -967
1808 -2476 13696 1.80 -0.16 -989
2180 -2392 12708 2.31 -0.28 -830
1532 -2160 12812 2.78 -0.14 -748
1832 -2012 12984 3.35 -0.21 -657
2264 -856 15840 3.59 -0.63 -720
2388 -192 18728 3.28 -0.76 -658
2508 20 16440 2.99 -0.57 -381
2276 228 15088 2.98 -0.41 35
2112 984 13404 3.25 -0.42 -100
2068 888 14512 3.71 -0.50 -335
2380 1688 16004 3.91 -0.73 -202
2492 2152 18688 3.51 -0.76 -396
2636 2464 17244 3.00 -0.62 -587
2472 2732 15056 3.10 -0.57 -638
2344 2884 16464 3.40 -0.42 -998
2092 4024 17052 3.13 -0.10 -1342
2612 3816 16668 3.03 0.22 -1578
2104 4288 16036 2.76 0.40 -2076
2548 5260 14304 2.84 0.52 -2236
2700 5424 14984 2.91 0.44 -2757
2596 5600 14572 2.75 0.30 -2447
2496 6104 14628 2.58 -0.06 -2138
2068 7072 14864 2.38 -0.27 -2120
2696 7440 15128 2.12 -0.26 -2057
2420 7444 14328 2.00 -0.28 -2011
2320 8092 12716 2.05 -0.21 -1904
1908 7636 9760 2.72 -0.30 -1876
1976 7776 9276 3.74 -0.55 -1984
2692 9108 15748 3.83 -0.71 -1751
2760 9904 18900 2.46 -0.24 -1918
2448 9872 15840 1.37 0.17 -2026
2508 9288 14128 1.22 0.16 -1706
2948 9344 16020 1.00 0.08 -1177
2900 10128 18860 0.23 0.09 -807
3120 10128 15784 -0.44 0.43 -316
2608 9792 12640 -0.07 0.13 208
2548 10120 15872 -0.03 -0.14 205
2700 9852 17064 -0.57 -0.16 167
2972 9752 19232 -1.41 -0.18 251
2776 9916 20704 -2.75 0.12 574
2744 9264 16900 -3.81 0.40 1112
2684 8064 8960 -3.10 0.44 1376
1804 7336 9004 -1.47 -0.35 1625
1964 7072 14812 -1.06 -0.45 1846
2068 7960 19924 -1.71 -0.19 1791
1756 7904 20248 -3.07 -0.10 1157
2128 8996 19440 -4.90 0.02 1010
2120 8268 14792 -5.48 -0.24 509
2128 6896 12224 -4.69 -0.77 458
2488 5696 13768 -3.97 -0.82 724
3192 4552 15728 -3.72 -0.38 1108
2336 4868 18336 -4.12 -0.02 984
2644 4580 17156 -4.61 0.21 933
2796 3356 14684 -4.39 0.05 964
2724 2272 14288 -4.00 -0.04 1461
2900 1048 14436 -3.76 0.02 2012
2376 1028 14760 -3.68 -0.03 1985
2412 772 14944 -3.52 -0.01 1889
2348 -12 15204 -3.12 -0.04 1199
2244 -272 15816 -2.81 0.10 831
2512 -752 15732 -2.74 0.30 738
2596 -1140 16568 -2.91 0.31 943
2776 -1592 16392 -3.37 0.23 1162
2512 -2308 14700 -3.40 -0.26 1523
2508 -2636 14220 -3.10 -0.53 1689
2452 -2724 15716 -3.13 -0.52 1903
2080 -3128 15320 -3.39 -0.26 1839
2128 -3264 14448 -3.46 0.03 1315
1780 -3976 12612 -3.01 -0.13 659
2332 -4100 14408 -2.25 -0.41 -32
2656 -4188 15740 -2.07 -0.24 -449
2764 -4760 16596 -2.24 0.08 -369
2452 -5132 16464 -2.48 0.18 -383
2712 -5476 15240 -2.63 0.11 -371
2132 -5876 15164 -2.58 0.10 -655
2572 -6196 14392 -2.43 -0.01 -649
2516 -6824 14808 -2.31 -0.11 -626
2548 -6780 15512 -2.52 -0.04 -841
2912 -7312 15908 -2.82 0.16 -487
2236 -7912 13768 -2.94 -0.15 -448
2548 -8400 12556 -2.71 -0.44 -195
2132 -8496 12988 -2.48 -0.61 -454
2756 -8808 14056 -2.29 -0.79 -445
2912 -8600 14872 -2.57 -0.74 -299
3212 -8880 14376 -3.14 -0.63 75
3456 -9484 12224 -3.23 -0.59 274
2528 -10112 10468 -2.90 -0.68 384
2548 -10656 10592 -2.27 -1.05 196
3040 -10388 12124 -1.91 -0.70 76
3376 -10376 14236 -2.19 -0.54 207
3464 -10624 14476 -2.96 -0.15 621
2868 -10668 13300 -3.63 -0.05 706
3092 -11384 12888 -3.95 -0.20 634
3876 -11448 10652 -4.09 -0.38 162
3588 -12288 11248 -3.64 -0.60 394
3680 -12816 10916 -3.56 -0.42 785
4148 -13160 12236 -3.79 -0.06 1884
3912 -13188 9332 -4.18 0.27 2776
2324 -14232 5268 -3.48 0.15 2621
2136 -14844 4376 -2.14 -0.19 1699
1980 -14512 5268 -1.27 -0.50 546
3124 -13912 6416 -0.78 -0.90 -690
4332 -14292 6832 -0.69 -0.33 -1339
3308 -13988 4096 -0.83 0.21 -209
2668 -13868 2416 0.12 0.19 6
2140 -13672 2236 1.09 0.15 -476
2420 -13484 2392 1.83 -0.13 -719
3136 -12696 6500 2.50 -0.50 -1065
3252 -12604 9232 2.22 -0.13 -968
2616 -13196 8984 1.64 0.02 -651
2576 -13120 9112 1.50 0.03 -950
2916 -13292 8340 1.62 0.04 -1238
2712 -13644 8024 2.07 -0.07 -1430
2808 -13292 7760 2.72 -0.21 -1918
3152 -12756 8716 3.31 -0.06 -2060
3772 -12608 11616 3.58 0.22 -1583
3344 -12132 14188 3.15 0.23 -861
3104 -12260 12316 2.69 0.06 -640
2808 -12056 11236 2.68 -0.03 -609
2916 -11072 9844 3.03 -0.15 -483
2376 -11120 9148 3.64 -0.06 -1255
1968 -10700 10980 4.33 0.08 -2006
3420 -9744 17684 3.97 -0.33 -2338
3712 -9144 16592 2.93 -0.24 -2249
3920 -9092 13940 2.16 0.18 -1598
3648 -9112 12136 2.06 0.38 -1029
3196 -8932 12268 2.15 0.56 -736
2784 -8384 12192 2.49 0.62 -1175
3420 -7668 16456 2.67 0.29 -1729
3420 -7236 15448 2.31 0.28 -1885
3548 -7392 13948 2.22 0.40 -1640
2864 -7380 12724 2.30 0.40 -1537
2680 -6752 12288 2.68 0.34 -1655
2576 -5832 13004 3.08 0.63 -1896
2648 -5168 16924 3.27 0.70 -1878
2556 -5036 16644 3.14 0.69 -2062
2860 -5044 15680 2.81 0.80 -2118
2040 -4852 15796 2.52 0.85 -2510
1816 -4508 15316 2.05 0.91 -2794
2064 -4056 13596 2.29 0.69 -3048
2012 -3924 13740 2.75 0.44 -3079
1516 -3292 13680 3.22 0.22 -3569
1976 -2800 16052 3.33 0.36 -3407
2548 -2556 18932 2.78 0.30 -3205
2312 -2280 17020 2.11 0.49 -2659
2624 -1904 14732 2.01 0.63 -2218
2048 -1288 15080 2.26 0.54 -1943
1888 -1380 15468 2.37 0.53 -2070
1896 -356 16860 2.10 0.64 -1726
-172 -2060 17044 1.98 0.67 -1649
1736 -264 16360 1.89 0.83 -2108
1468 -564 15544 1.88 1.05 -2334
1232 -204 15676 1.94 1.08 -2357
1812 620 15884 2.02 1.12 -2365
764 668 18248 1.81 1.36 -2401
720 588 19052 1.13 1.44 -2712
888 968 16716 0.49 1.64 -2889
1044 1284 13388 0.64 2.21 -2597
932 1552 15312 1.37 2.35 -1338
284 908 16792 1.54 2.31 -408
124 1648 17164 1.34 2.36 366
-68 2152 16928 1.12 2.39 1146
-1012 2616 16824 1.02 2.31 1646
-1912 2112 18168 0.71 2.68 1389
-2400 2712 16340 0.42 3.00 761
-2696 2668 16128 0.52 3.07 391
-3048 2352 16100 0.48 3.00 -129
-3108 1952 15424 0.24 2.73 -609
-3396 1996 15904 0.07 2.71 -508
-3960 2388 16012 0.05 2.69 392
-4932 2436 14996 0.03 2.81 532
-4760 2540 14460 0.11 2.72 472
-5588 2320 14868 0.12 2.65 92
-5376 2504 15756 -0.21 2.77 69
-5336 2368 14704 -0.46 2.73 545
-5864 2076 13572 -0.41 2.54 1104
-5996 2640 13932 -0.49 2.41 1342
-6724 2188 13656 -0.71 2.45 1315
-6764 2404 13720 -0.85 2.45 1463
-6536 2824 13972 -1.04 2.38 2038
-7244 3012 13324 -1.00 2.18 2554
-7412 2548 13916 -0.97 2.05 2904
-7904 2484 14880 -1.38 2.09 3149
-8396 2528 14000 -1.95 2.09 3053
-8104 2352 12308 -2.25 2.07 3258
-8188 2064 11788 -2.03 2.14 3266
-8912 1776 12380 -2.05 2.16 3015
-9788 1256 13148 -2.50 2.22 2386
-9416 1824 13200 -2.94 2.35 2431
-9540 1032 10592 -3.03 1.99 2219
-9836 552 10624 -2.91 1.12 2453
-9608 296 10928 -2.88 0.69 3021
-10028 1132 10160 -2.86 0.50 3656
-10272 416 11288 -2.63 0.51 3224
-10832 -36 11140 -2.58 0.40 2735
-10460 48 12516 -2.76 0.29 2221
-9984 -364 12932 -3.34 0.23 2015
-10180 -884 11912 -3.88 -0.20 2087
-10652 -1208 11360 -4.25 -0.66 1499
-10088 -196 11512 -4.39 -0.78 1349
-10332 -564 11312 -4.28 -0.63 928
-10276 -1320 10936 -4.08 -0.73 540
-9860 -1980 9256 -3.77 -1.22 133
-10384 -2688 10020 -3.56 -1.67 -465
-10108 -3176 11720 -3.66 -1.73 -886
-10084 -3444 12744 -3.80 -1.61 -1635
-9296 -3360 11352 -4.08 -1.38 -1909
-9620 -4532 11200 -4.08 -1.34 -2423
-9592 -5176 11180 -4.35 -1.45 -2972
-9412 -5616 8952 -4.25 -1.47 -4294
-8564 -6412 10008 -4.09 -1.58 -3852
-9156 -5596 12020 -4.44 -1.41 -4340
-8560 -6272 9148 -4.32 -1.21 -4850
-8604 -7108 8316 -3.40 -1.40 -4878
-8208 -7972 8688 -2.35 -1.46 -4690
-8200 -8300 10104 -1.83 -1.64 -4693
-7812 -8180 10856 -2.04 -1.71 -4699
-7940 -8436 10360 -2.29 -1.78 -4782
-7896 -8632 9984 -2.37 -1.90 -5489
-7660 -9452 10372 -2.32 -1.97 -6334
-7548 -9588 10456 -2.09 -2.07 -7029
-7280 -9816 10852 -1.83 -2.28 -8304
-6744 -10216 11280 -1.99 -2.28 -9350
-6084 -10304 9724 -2.19 -2.44 -9890
-5448 -10804 8676 -1.89 -2.62 -10434
-5024 -11096 9412 -1.45 -2.79 -11249
-4552 -11668 10508 -1.52 -3.01 -12094
-3712 -11840 9840 -1.56 -3.18 -12516
-3000 -11708 10380 -1.56 -3.10 -12855
-1944 -11948 10732 -1.65 -3.19 -12858
-1636 -12520 9548 -1.68 -3.18 -12929
-1544 -12336 8332 -1.48 -3.06 -13300
-440 -12244 8760 -0.97 -2.96 -13625
576 -12124 11460 -1.03 -3.07 -13893
1328 -12840 10496 -1.59 -2.94 -14060
2040 -13132 8364 -1.62 -2.83 -14033
2672 -12932 7820 -1.40 -2.72 -13487
3288 -12576 7880 -1.24 -2.43 -12884
3884 -13132 7788 -1.04 -2.24 -12814
4308 -13000 7608 -0.90 -2.06 -13047
5596 -13268 8016 -0.71 -1.99 -13111
5936 -13292 7256 -0.50 -2.00 -12919
5708 -12732 5564 -0.21 -1.97 -12816
6588 -12428 6648 0.09 -1.94 -12571
7160 -12444 7912 0.04 -1.75 -12235
7336 -12032 6152 0.13 -1.50 -12195
7880 -11804 5572 0.71 -1.35 -12416
8404 -11920 7752 1.02 -1.46 -12763
8612 -11288 6448 1.06 -1.54 -13280
9152 -11468 8204 1.02 -1.57 -13013
9880 -10928 7312 0.77 -1.32 -12420
9908 -10468 6108 1.02 -1.23 -12387
10876 -9984 6668 1.52 -1.18 -12498
10948 -10328 8376 1.65 -1.18 -12748
11932 -9800 6600 1.70 -1.02 -12568
12120 -9400 8292 1.90 -0.97 -11830
12144 -9072 9292 1.64 -0.98 -11596
12780 -8740 8372 1.54 -0.90 -10932
12984 -8280 7296 1.59 -0.78 -10481
12576 -7608 7032 1.85 -0.82 -10436
12620 -7256 7588 2.01 -0.80 -10747
13480 -6784 8100 2.07 -0.62 -11038
15056 -6540 8696 2.09 -0.29 -10826
14036 -5908 8108 2.08 -0.12 -10439
14100 -5260 7904 2.18 0.04 -10581
14536 -4676 6076 2.83 0.40 -10857
14604 -4524 9500 3.35 0.72 -10390
14220 -4428 10348 3.21 0.82 -10233
14404 -3568 9328 2.96 0.84 -9791
14252 -2972 7212 2.89 0.72 -9518
14600 -1908 10968 2.99 1.22 -9516
15408 -2440 12660 2.93 1.65 -9260
14764 -1128 10340 3.22 1.41 -9782
14660 -692 11148 3.01 1.38 -9278
14872 -292 12616 2.31 1.78 -7812
14508 308 13396 1.60 2.31 -6599
14192 176 13272 1.51 2.43 -6187
14132 172 11276 2.05 2.29 -5869
14388 1380 11252 2.32 2.43 -5193
14052 1212 12864 1.91 2.85 -3690
13116 1200 12684 1.18 3.03 -2373
12872 948 10976 1.17 3.54 -1371
10968 1732 11444 1.86 3.78 -1718
10488 2964 11308 2.79 3.52 -2852
11716 2740 14380 2.70 3.55 -2462
11176 3228 14236 2.17 3.60 -1456
10288 3552 15080 1.83 4.06 -483
10128 2752 14528 1.48 4.49 555
9424 3500 12908 1.44 4.40 1114
8320 3484 12496 1.79 4.00 1472
7344 3648 15044 1.81 4.01 1990
6560 3652 16852 1.30 4.23 2284
6168 3852 15328 0.90 4.27 2176
6796 4348 15024 0.61 4.56 2301
6492 4336 16124 0.23 4.28 3095
5448 4512 14644 0.29 4.18 3463
4948 4320 11144 0.94 4.32 4323
2948 4752 15036 1.47 4.08 4209
3088 4684 16464 1.08 3.87 3707
2480 5048 16232 0.72 3.85 3283
1896 4384 17396 0.46 4.11 3200
1884 4776 18068 -0.07 4.63 3375
1920 5076 16472 -0.36 5.03 4105
900 4648 15344 -0.22 5.20 4677
-124 4580 14384 -0.00 5.24 4775
-1528 4212 15080 0.41 4.81 4321
-1520 4448 15124 0.37 4.61 4066
-1796 4636 16944 -0.19 4.39 4358
-1868 5340 16656 -0.88 4.63 4436
-2888 5184 14516 -0.87 4.69 4344
-4072 5136 14416 -0.70 4.60 4022
-3904 6100 16448 -0.83 4.73 3528
-3652 5184 15672 -1.36 4.41 3223
-4828 5004 15016 -1.75 4.05 3309
-5096 4700 15048 -2.08 3.57 3583
-5868 4816 14108 -2.32 3.20 4416
-6592 4872 12516 -2.30 3.01 5005
-6664 4992 12128 -1.91 2.78 5180
-7060 4244 13868 -1.90 2.60 5108
-7452 4028 15740 -2.38 2.48 4919
-7188 4080 17028 -3.43 2.64 4770
-7960 3288 13968 -3.93 2.39 5618
-8764 3000 12316 -3.60 1.83 5636
-8664 3128 12672 -3.44 1.43 4899
-9000 2976 13364 -3.50 1.31 4258
-9140 2512 14352 -3.94 1.61 3855
-9336 2748 13908 -4.19 2.08 3146
-9220 1864 13524 -4.46 2.34 2459
-8860 1400 12024 -4.56 2.14 2792
-9908 552 10000 -4.50 1.80 2772
-10156 -116 9068 -3.96 1.21 2880
-9488 -256 11756 -3.53 0.90 3447
-9984 -612 12360 -3.51 1.01 3288
-9184 656 12360 -4.04 1.22 3573
-10692 -872 10556 -4.62 0.88 2918
-10696 -204 10228 -5.04 0.17 1996
-10288 -308 10804 -5.33 -0.17 910
-10564 -1408 10408 -5.62 -0.18 -362
-10284 -1640 9836 -5.54 -0.20 -1040
-10084 -2152 10168 -5.20 -0.07 -2161
-10192 -2548 9252 -5.22 -0.26 -3509
-10636 -3712 9472 -5.29 -0.94 -4399
-10324 -4184 8868 -5.24 -1.38 -5361
-10216 -4536 9696 -5.16 -1.58 -6497
-9908 -5172 10216 -5.10 -1.41 -6804
-9916 -6912 8836 -4.79 -1.36 -6521
-9732 -7412 7236 -4.03 -1.59 -6649
-9436 -8256 7668 -3.25 -2.04 -7681
-8752 -8268 10896 -3.35 -2.11 -8231
-9272 -8604 10280 -3.98 -1.98 -9150
-8652 -9488 8412 -4.21 -1.77 -9757
-8268 -10012 8704 -3.93 -2.07 -9818
-7424 -10424 7664 -3.78 -1.74 -10147
-6952 -11236 7084 -3.51 -1.48 -10542
-6456 -11072 5348 -2.82 -1.54 -10931
-6580 -10704 6364 -2.28 -1.60 -11897
-5732 -12036 6908 -1.94 -1.77 -13167
-5780 -11640 7752 -1.92 -1.89 -13852
-5336 -11600 7224 -1.96 -2.10 -14073
-4392 -11900 7220 -1.81 -2.21 -14770
-3552 -12692 6272 -1.67 -1.98 -15230
-2196 -13112 5924 -1.28 -1.91 -14936
-1780 -13088 7644 -1.21 -2.06 -15264
-1612 -13588 8120 -1.41 -2.11 -15992
-544 -14112 6696 -1.56 -1.95 -16345
20 -13396 5356 -1.63 -1.78 -15364
1136 -15176 7668 -1.50 -1.86 -14617
1364 -14908 8340 -1.68 -1.86 -14814
1696 -14596 5668 -1.68 -1.63 -14727
2436 -14860 4332 -1.51 -1.44 -14431
2984 -13812 3112 -1.22 -1.51 -14226
3268 -13668 4984 -1.04 -1.68 -14360
4212 -15084 7480 -1.20 -1.78 -14449
5308 -14940 5312 -1.32 -1.69 -14396
5448 -15164 3992 -1.15 -1.57 -14041
5540 -15044 2848 -0.66 -1.48 -14225
5944 -14648 1884 0.08 -1.20 -14667
6264 -14196 2844 0.90 -1.05 -15162
7392 -14012 5056 1.11 -0.96 -15289
7708 -13168 4020 1.17 -0.84 -15076
8072 -12680 3044 1.48 -0.75 -15083
9708 -12364 5772 1.68 -0.61 -14515
9504 -12868 6716 1.24 -0.51 -14193
9844 -13092 5688 1.14 -0.89 -14310
10352 -12468 4920 1.27 -1.03 -14399
11496 -11780 4872 1.41 -0.81 -13929
11292 -12224 5544 1.44 -0.50 -13577
11448 -11616 4892 1.68 -0.42 -13003
12212 -11176 4840 2.05 -0.14 -12660
11488 -10576 5876 2.21 -0.17 -12861
12220 -9956 6408 2.30 -0.34 -13163
13352 -10208 8040 2.15 -0.41 -13335
13220 -8700 6016 1.84 -0.40 -13140
12924 -7972 5100 2.18 -0.12 -13155
13236 -7920 4752 2.84 0.26 -13480
13996 -6896 5744 3.37 0.53 -13047
14172 -5992 8056 3.49 0.41 -12312
13724 -5000 10160 2.82 0.23 -12113
14680 -5252 8388 2.35 0.15 -11731
13984 -4880 6968 2.49 0.26 -11554
15396 -4756 6424 2.89 0.65 -10887
15468 -4312 6664 3.26 0.89 -9898
14624 -3208 8968 3.46 1.11 -9485
14848 -3604 9372 3.56 1.26 -9138
14776 -2804 10120 3.41 1.35 -8409
15004 -2460 11220 2.94 1.57 -7711
15296 -2128 10692 2.38 1.91 -6448
15228 -2088 8248 2.42 2.49 -5273
14248 -376 7608 3.22 2.95 -4596
13024 412 9676 4.16 2.75 -5275
14948 296 14488 4.22 2.78 -5021
14548 756 16172 3.07 2.75 -3558
15200 1172 15024 1.94 3.08 -1646
14500 1220 13240 1.12 3.60 47
13832 1160 10516 1.13 3.95 1363
12428 1128 11064 1.73 4.08 2498
12800 1124 14136 2.03 4.40 3614
10728 1832 13948 1.92 4.26 3619
10620 2556 14276 1.48 4.33 3977
10560 2080 13756 1.02 4.55 5003
9800 2176 13684 0.61 4.88 5745
8716 1348 12536 0.56 4.91 6150
7356 1212 12276 0.89 5.03 6469
6640 880 13804 1.18 5.21 6473
5596 2176 14976 1.24 5.09 6295
5676 3224 15800 1.25 4.44 5696
5064 3016 16596 1.07 3.66 5156
4412 2916 18120 0.51 3.16 5023
3940 2532 19256 -0.14 2.86 5158
4052 2352 18392 -0.60 2.77 5512
3636 2132 18584 -0.80 2.70 5796
3156 1808 17720 -0.88 2.41 5974
2488 1496 16808 -0.71 2.17 5989
3060 2708 18552 -0.57 2.05 6421
2068 2668 20236 -1.14 1.83 6178
1768 2584 20512 -2.00 1.78 6286
1600 2272 18740 -2.73 1.98 6356
996 1612 16040 -2.74 2.13 6345
860 2436 12728 -2.10 2.05 6163
552 72 11060 -0.85 1.56 5324
-72 -352 13596 -0.08 1.06 4186
132 -548 14904 -0.14 0.78 2960
928 -976 15340 -0.52 0.51 2617
436 -1344 13732 -0.70 0.21 2243
40 -1084 11400 -0.24 -0.19 2019
-280 -1152 11192 0.65 -0.55 1657
484 -1008 14204 1.14 -0.79 1208
324 -592 15956 0.93 -0.82 367
876 -596 16272 0.52 -0.77 -320
1016 244 16128 0.28 -0.69 -830
1532 -56 17284 0.24 -0.67 -1144
1248 52 18328 0.00 -0.64 -1016
1164 80 18132 -0.24 -0.37 -571
1296 8 18056 -0.26 -0.11 -137
1116 -80 17548 -0.30 -0.17 93
1280 168 16948 -0.21 -0.38 35
1240 -72 17988 -0.11 -0.58 -79
1340 0 17956 -0.15 -0.59 -43
1284 -160 17660 -0.25 -0.48 -211
1256 -560 17044 -0.28 -0.43 -596
1348 -16 16232 -0.22 -0.39 -651
1460 -244 16160 -0.08 -0.32 -671
1444 -124 16168 -0.04 -0.32 -752
1708 -40 15256 -0.05 -0.26 -746
1900 -144 15124 0.07 -0.25 -567
1476 -276 15464 0.16 -0.41 -917
1956 328 15672 0.17 -0.61 -970
2256 536 15452 0.26 -0.64 -867
2140 268 16108 0.35 -0.42 -497
2120 248 17308 0.28 -0.28 -311
1876 544 16972 0.07 -0.32 -497
1800 212 16680 0.11 -0.41 -477
1460 -24 16752 0.17 -0.41 -540
1668 168 17368 0.09 -0.27 -381
1220 216 17304 0.09 -0.22 -245
684 -116 17156 0.08 -0.44 -243
2644 1380 16684 -0.05 -0.42 -429
3332 1444 16576 -0.10 -0.05 348
1932 328 17500 -0.26 0.18 362
964 -272 17572 -0.40 0.32 39
820 580 17416 -0.39 0.01 -522
2276 108 15548 -0.24 -0.08 -685
2332 -20 15888 -0.09 -0.23 -525
1924 -260 15900 0.03 -0.25 -962
2604 520 16028 0.07 -0.31 -718
3004 652 15756 0.00 -0.03 -331
2004 360 16480 -0.14 0.16 -125
1668 -60 16548 -0.33 0.07 -548
1892 -120 15648 -0.41 0.02 -818
2248 148 14896 -0.23 -0.02 -810
3140 788 14968 0.03 0.01 -318
3240 784 15540 0.14 0.13 367
2004 512 16096 0.07 0.22 292
1860 -8 16568 -0.01 0.21 57
1856 120 16664 -0.16 0.21 -187
1848 224 16148 -0.19 0.17 -113
2112 268 16252 0.01 -0.01 206
1912 164 15824 0.11 -0.04 481
1284 -36 16772 0.04 0.12 73
904 -212 16900 -0.14 0.14 -429
1132 -188 16720 -0.22 0.11 -827
1612 64 16440 -0.28 0.11 -749
1684 112 15912 -0.24 0.03 -626
1888 44 15444 -0.10 -0.12 -263
1784 -180 15376 0.03 -0.11 -150
1460 -220 15788 0.04 -0.09 -395
1316 -284 15896 -0.10 0.01 -687
1272 -80 16268 -0.21 0.13 -1039
1616 -200 15744 -0.20 0.04 -1221
2320 300 15364 -0.05 0.02 -802
2344 208 15656 0.10 0.07 -198
1856 -244 16304 0.12 0.10 -5
1112 -288 17192 0.03 0.05 -400
1372 20 16736 -0.12 -0.00 -692
2204 180 15492 -0.06 0.05 -327
1772 236 16136 0.08 0.11 17
1556 -160 16536 0.09 0.10 -65
1444 -20 16728 0.08 0.02 -210
1588 112 16760 -0.01 -0.01 -238
1268 -92 16368 -0.06 -0.02 -381
1348 364 16560 -0.01 -0.07 -571
1760 416 16564 0.01 -0.10 -203
